0.01 0.0001 4.93663e-05
0.01 0.00030000000000000003 2.53211e-05
0.01 0.0005 3.69135e-05
0.01 0.0007000000000000001 3.17164e-05
0.01 0.0009000000000000001 2.75859e-05
0.01 0.0011 -4.18413e-05
0.01 0.0013000000000000002 -3.52774e-05
0.01 0.0015 -5.17282e-05
0.01 0.0017000000000000001 -5.16285e-05
0.01 0.0019000000000000002 -3.62256e-05
0.01 0.0021 -4.60735e-05
0.03 0.0001 0.00015773
0.03 0.00030000000000000003 0.000132399
0.03 0.0005 0.000190103
0.03 0.0007000000000000001 0.000190313
0.03 0.0009000000000000001 0.000244869
0.03 0.0011 -0.000284336
0.03 0.0013000000000000002 -0.000454493
0.03 0.0015 -0.000817913
0.03 0.0017000000000000001 -0.00636274
0.03 0.0019000000000000002 -0.212849
0.03 0.0021 -0.371184
0.049999999999999996 0.0001 0.000777323
0.049999999999999996 0.00030000000000000003 0.00169008
0.049999999999999996 0.0005 0.115764
0.049999999999999996 0.0007000000000000001 0.919048
0.049999999999999996 0.0009000000000000001 4.95343
0.049999999999999996 0.0011 -7.15184
0.049999999999999996 0.0013000000000000002 -3.11695
0.049999999999999996 0.0015 -2.30995
0.049999999999999996 0.0017000000000000001 -1.96412
0.049999999999999996 0.0019000000000000002 -1.77199
0.049999999999999996 0.0021 -1.64975
0.06999999999999999 0.0001 0.525385
0.06999999999999999 0.00030000000000000003 0.991572
0.06999999999999999 0.0005 1.83104
0.06999999999999999 0.0007000000000000001 3.79009
0.06999999999999999 0.0009000000000000001 13.5858
0.06999999999999999 0.0011 -15.8018
0.06999999999999999 0.0013000000000000002 -6.00599
0.06999999999999999 0.0015 -4.04686
0.06999999999999999 0.0017000000000000001 -3.20725
0.06999999999999999 0.0019000000000000002 -2.7408
0.06999999999999999 0.0021 -2.44398
0.08999999999999998 0.0001 1.15632
0.08999999999999998 0.00030000000000000003 1.80469
0.08999999999999998 0.0005 2.97191
0.08999999999999998 0.0007000000000000001 5.69549
0.08999999999999998 0.0009000000000000001 19.3136
0.08999999999999998 0.0011 -21.5412
0.08999999999999998 0.0013000000000000002 -7.923
0.08999999999999998 0.0015 -5.19936
0.08999999999999998 0.0017000000000000001 -4.03211
0.08999999999999998 0.0019000000000000002 -3.38363
0.08999999999999998 0.0021 -2.97099
0.10999999999999997 0.0001 1.59713
0.10999999999999997 0.00030000000000000003 2.37277
0.10999999999999997 0.0005 3.76896
0.10999999999999997 0.0007000000000000001 7.02677
0.10999999999999997 0.0009000000000000001 23.3159
0.10999999999999997 0.0011 -25.5516
0.10999999999999997 0.0013000000000000002 -9.26245
0.10999999999999997 0.0015 -6.00464
0.10999999999999997 0.0017000000000000001 -4.60846
0.10999999999999997 0.0019000000000000002 -3.8328
0.10999999999999997 0.0021 -3.33922
0.12999999999999998 0.0001 1.91949
0.12999999999999998 0.00030000000000000003 2.78811
0.12999999999999998 0.0005 4.35161
0.12999999999999998 0.0007000000000000001 7.99981
0.12999999999999998 0.0009000000000000001 26.2408
0.12999999999999998 0.0011 -28.4824
0.12999999999999998 0.0013000000000000002 -10.2414
0.12999999999999998 0.0015 -6.59314
0.12999999999999998 0.0017000000000000001 -5.02965
0.12999999999999998 0.0019000000000000002 -4.16105
0.12999999999999998 0.0021 -3.6083
0.15 0.0001 2.16405
0.15 0.00030000000000000003 3.10317
0.15 0.0005 4.79358
0.15 0.0007000000000000001 8.73791
0.15 0.0009000000000000001 28.4596
0.15 0.0011 -30.7056
0.15 0.0013000000000000002 -10.9839
0.15 0.0015 -7.03958
0.15 0.0017000000000000001 -5.34916
0.15 0.0019000000000000002 -4.41006
0.15 0.0021 -3.81245
0.16999999999999998 0.0001 2.3553
0.16999999999999998 0.00030000000000000003 3.34956
0.16999999999999998 0.0005 5.13922
0.16999999999999998 0.0007000000000000001 9.31515
0.16999999999999998 0.0009000000000000001 30.1948
0.16999999999999998 0.0011 -32.4443
0.16999999999999998 0.0013000000000000002 -11.5646
0.16999999999999998 0.0015 -7.38872
0.16999999999999998 0.0017000000000000001 -5.59905
0.16999999999999998 0.0019000000000000002 -4.6048
0.16999999999999998 0.0021 -3.9721
0.18999999999999997 0.0001 2.50869
0.18999999999999997 0.00030000000000000003 3.54715
0.18999999999999997 0.0005 5.4164
0.18999999999999997 0.0007000000000000001 9.77803
0.18999999999999997 0.0009000000000000001 31.5863
0.18999999999999997 0.0011 -33.8386
0.18999999999999997 0.0013000000000000002 -12.0303
0.18999999999999997 0.0015 -7.66869
0.18999999999999997 0.0017000000000000001 -5.79943
0.18999999999999997 0.0019000000000000002 -4.76096
0.18999999999999997 0.0021 -4.10012
0.21 0.0001 2.63424
0.21 0.00030000000000000003 3.7089
0.21 0.0005 5.64332
0.21 0.0007000000000000001 10.157
0.21 0.0009000000000000001 32.7255
0.21 0.0011 -34.9801
0.21 0.0013000000000000002 -12.4116
0.21 0.0015 -7.89791
0.21 0.0017000000000000001 -5.96349
0.21 0.0019000000000000002 -4.88881
0.21 0.0021 -4.20493
