0.01 0.0001 197.77
0.01 0.00030000000000000003 197.77
0.01 0.0005 197.77
0.01 0.0007000000000000001 197.77
0.01 0.0009000000000000001 197.77
0.01 0.0011 197.77
0.01 0.0013000000000000002 197.77
0.01 0.0015 197.77
0.01 0.0017000000000000001 197.77
0.01 0.0019000000000000002 197.77
0.01 0.0021 197.77
0.03 0.0001 197.77
0.03 0.00030000000000000003 197.77
0.03 0.0005 197.77
0.03 0.0007000000000000001 197.77
0.03 0.0009000000000000001 197.77
0.03 0.0011 197.771
0.03 0.0013000000000000002 197.771
0.03 0.0015 197.771
0.03 0.0017000000000000001 197.781
0.03 0.0019000000000000002 198.173
0.03 0.0021 198.545
0.049999999999999996 0.0001 197.77
0.049999999999999996 0.00030000000000000003 197.77
0.049999999999999996 0.0005 197.712
0.049999999999999996 0.0007000000000000001 197.126
0.049999999999999996 0.0009000000000000001 193.31
0.049999999999999996 0.0011 205.633
0.049999999999999996 0.0013000000000000002 201.816
0.049999999999999996 0.0015 201.226
0.049999999999999996 0.0017000000000000001 201.097
0.049999999999999996 0.0019000000000000002 201.121
0.049999999999999996 0.0021 201.214
0.06999999999999999 0.0001 197.717
0.06999999999999999 0.00030000000000000003 197.472
0.06999999999999999 0.0005 196.852
0.06999999999999999 0.0007000000000000001 195.113
0.06999999999999999 0.0009000000000000001 185.536
0.06999999999999999 0.0011 215.143
0.06999999999999999 0.0013000000000000002 205.565
0.06999999999999999 0.0015 203.824
0.06999999999999999 0.0017000000000000001 203.202
0.06999999999999999 0.0019000000000000002 202.952
0.06999999999999999 0.0021 202.872
0.08999999999999998 0.0001 197.654
0.08999999999999998 0.00030000000000000003 197.227
0.08999999999999998 0.0005 196.28
0.08999999999999998 0.0007000000000000001 193.777
0.08999999999999998 0.0009000000000000001 180.378
0.08999999999999998 0.0011 221.453
0.08999999999999998 0.0013000000000000002 208.053
0.08999999999999998 0.0015 205.548
0.08999999999999998 0.0017000000000000001 204.599
0.08999999999999998 0.0019000000000000002 204.168
0.08999999999999998 0.0021 203.972
0.10999999999999997 0.0001 197.61
0.10999999999999997 0.00030000000000000003 197.056
0.10999999999999997 0.0005 195.881
0.10999999999999997 0.0007000000000000001 192.843
0.10999999999999997 0.0009000000000000001 176.774
0.10999999999999997 0.0011 225.862
0.10999999999999997 0.0013000000000000002 209.792
0.10999999999999997 0.0015 206.753
0.10999999999999997 0.0017000000000000001 205.575
0.10999999999999997 0.0019000000000000002 205.017
0.10999999999999997 0.0021 204.741
0.12999999999999998 0.0001 197.577
0.12999999999999998 0.00030000000000000003 196.931
0.12999999999999998 0.0005 195.588
0.12999999999999998 0.0007000000000000001 192.161
0.12999999999999998 0.0009000000000000001 174.14
0.12999999999999998 0.0011 229.084
0.12999999999999998 0.0013000000000000002 211.062
0.12999999999999998 0.0015 207.633
0.12999999999999998 0.0017000000000000001 206.288
0.12999999999999998 0.0019000000000000002 205.638
0.12999999999999998 0.0021 205.303
0.15 0.0001 197.553
0.15 0.00030000000000000003 196.836
0.15 0.0005 195.367
0.15 0.0007000000000000001 191.644
0.15 0.0009000000000000001 172.142
0.15 0.0011 231.528
0.15 0.0013000000000000002 212.026
0.15 0.0015 208.301
0.15 0.0017000000000000001 206.829
0.15 0.0019000000000000002 206.109
0.15 0.0021 205.729
0.16999999999999998 0.0001 197.534
0.16999999999999998 0.00030000000000000003 196.761
0.16999999999999998 0.0005 195.194
0.16999999999999998 0.0007000000000000001 191.239
0.16999999999999998 0.0009000000000000001 170.58
0.16999999999999998 0.0011 233.44
0.16999999999999998 0.0013000000000000002 212.78
0.16999999999999998 0.0015 208.823
0.16999999999999998 0.0017000000000000001 207.253
0.16999999999999998 0.0019000000000000002 206.477
0.16999999999999998 0.0021 206.062
0.18999999999999997 0.0001 197.518
0.18999999999999997 0.00030000000000000003 196.702
0.18999999999999997 0.0005 195.055
0.18999999999999997 0.0007000000000000001 190.914
0.18999999999999997 0.0009000000000000001 169.327
0.18999999999999997 0.0011 234.973
0.18999999999999997 0.0013000000000000002 213.384
0.18999999999999997 0.0015 209.242
0.18999999999999997 0.0017000000000000001 207.592
0.18999999999999997 0.0019000000000000002 206.772
0.18999999999999997 0.0021 206.329
0.21 0.0001 197.506
0.21 0.00030000000000000003 196.653
0.21 0.0005 194.941
0.21 0.0007000000000000001 190.649
0.21 0.0009000000000000001 168.301
0.21 0.0011 236.228
0.21 0.0013000000000000002 213.879
0.21 0.0015 209.585
0.21 0.0017000000000000001 207.87
0.21 0.0019000000000000002 207.014
0.21 0.0021 206.548
