0.01 0.01 0.00102416 2000.8000000000002
0.01 0.03 0.00118249 2000.8000000000002
0.01 0.049999999999999996 0.0011323 2000.8000000000002
0.01 0.06999999999999999 0.00144424 2000.8000000000002
0.01 0.08999999999999998 0.0012436200000000002 2000.8000000000002
0.01 0.10999999999999997 0.0013578000000000002 2000.8000000000002
0.01 0.12999999999999998 0.00144289 2000.8000000000002
0.01 0.15 0.00150865 2000.8000000000002
0.01 0.16999999999999998 0.0011803500000000001 2000.8000000000002
0.01 0.18999999999999997 0.00121327 2000.8000000000002
0.01 0.21 0.0012405900000000002 2000.8000000000002
0.03 0.01 0.00182477 1998.51
0.03 0.03 0.00220048 1998.51
0.03 0.049999999999999996 0.00225486 1998.51
0.03 0.06999999999999999 0.00223932 1998.51
0.03 0.08999999999999998 0.00245892 1998.51
0.03 0.10999999999999997 0.00260989 1998.51
0.03 0.12999999999999998 0.0022947899999999997 1998.51
0.03 0.15 0.00236637 1998.51
0.03 0.16999999999999998 0.00242263 1998.51
0.03 0.18999999999999997 0.00246801 1998.51
0.03 0.21 0.00250538 1998.51
0.049999999999999996 0.01 1997.64 0.0132058
0.049999999999999996 0.03 1997.62 0.0340806
0.049999999999999996 0.049999999999999996 1997.56 0.092665
0.049999999999999996 0.06999999999999999 1997.1799999999998 0.478792
0.049999999999999996 0.08999999999999998 1996.49 1.16186
0.049999999999999996 0.10999999999999997 1995.6399999999999 2.01571
0.049999999999999996 0.12999999999999998 1994.73 2.93007
0.049999999999999996 0.15 1993.8200000000002 3.83789
0.049999999999999996 0.16999999999999998 1992.9499999999998 4.70455
0.049999999999999996 0.18999999999999997 1992.1399999999999 5.51477
0.049999999999999996 0.21 1991.39 6.26385
0.06999999999999999 0.01 1998.21 0.0026211000000000003
0.06999999999999999 0.03 1998.21 0.0031672
0.06999999999999999 0.049999999999999996 1998.21 0.00315751
0.06999999999999999 0.06999999999999999 1998.21 0.0033136800000000003
0.06999999999999999 0.08999999999999998 1998.21 0.0032086799999999998
0.06999999999999999 0.10999999999999997 1998.21 0.00299522
0.06999999999999999 0.12999999999999998 1998.21 0.00314094
0.06999999999999999 0.15 1998.21 0.00325234
0.06999999999999999 0.16999999999999998 1998.21 0.0033402300000000005
0.06999999999999999 0.18999999999999997 1998.21 0.0034113200000000002
0.06999999999999999 0.21 1998.21 0.0030318800000000003
0.08999999999999998 0.01 1998.8 0.0013381
0.08999999999999998 0.03 1998.8 0.0018275499999999998
0.08999999999999998 0.049999999999999996 1998.8 0.001619
0.08999999999999998 0.06999999999999999 1998.8 0.0018712700000000002
0.08999999999999998 0.08999999999999998 1998.8 0.0020283000000000002
0.08999999999999998 0.10999999999999997 1998.8 0.00171664
0.08999999999999998 0.12999999999999998 1998.8 0.0017798900000000001
0.08999999999999998 0.15 1998.8 0.00182778
0.08999999999999998 0.16999999999999998 1998.8 0.00186529
0.08999999999999998 0.18999999999999997 1998.8 0.00189545
0.08999999999999998 0.21 1998.8 0.0019202299999999998
0.10999999999999997 0.01 1999.3000000000002 0.00120688
0.10999999999999997 0.03 1999.3000000000002 0.0011801000000000001
0.10999999999999997 0.049999999999999996 1999.3000000000002 0.0012280099999999999
0.10999999999999997 0.06999999999999999 1999.3000000000002 0.00141045
0.10999999999999997 0.08999999999999998 1999.3000000000002 0.00152344
0.10999999999999997 0.10999999999999997 1999.3000000000002 0.00160008
0.10999999999999997 0.12999999999999998 1999.3000000000002 0.00126466
0.10999999999999997 0.15 1999.3000000000002 0.00129729
0.10999999999999997 0.16999999999999998 1999.3000000000002 0.0013228200000000002
0.10999999999999997 0.18999999999999997 1999.3000000000002 0.0013433400000000002
0.10999999999999997 0.21 1999.3000000000002 0.00136019
0.12999999999999998 0.01 1999.69 0.00110005
0.12999999999999998 0.03 1999.69 0.00127618
0.12999999999999998 0.049999999999999996 1999.69 0.0012859500000000001
0.12999999999999998 0.06999999999999999 1999.69 0.00108797
0.12999999999999998 0.08999999999999998 1999.69 0.00117832
0.12999999999999998 0.10999999999999997 1999.69 0.00123972
0.12999999999999998 0.12999999999999998 1999.69 0.0012841200000000001
0.12999999999999998 0.15 1999.69 0.00131769
0.12999999999999998 0.16999999999999998 1999.69 0.0013439699999999999
0.12999999999999998 0.18999999999999997 1999.69 0.0013650899999999998
0.12999999999999998 0.21 1999.69 0.0013824400000000002
0.15 0.01 2000.01 0.0010171
0.15 0.03 2000.01 0.0011468099999999998
0.15 0.049999999999999996 2000.01 0.00114807
0.15 0.06999999999999999 2000.01 0.000955922
0.15 0.08999999999999998 2000.01 0.00104015
0.15 0.10999999999999997 2000.01 0.00109759
0.15 0.12999999999999998 2000.01 0.00113923
0.15 0.15 2000.01 0.00117077
0.15 0.16999999999999998 2000.01 0.00119548
0.15 0.18999999999999997 2000.01 0.00121536
0.15 0.21 2000.01 0.0012317
0.16999999999999998 0.01 2000.27 0.000942551
0.16999999999999998 0.03 2000.27 0.00108342
0.16999999999999998 0.049999999999999996 2000.27 0.00108931
0.16999999999999998 0.06999999999999999 2000.27 0.0009002190000000001
0.16999999999999998 0.08999999999999998 2000.27 0.000985092
0.16999999999999998 0.10999999999999997 2000.27 0.00104324
0.16999999999999998 0.12999999999999998 2000.27 0.00108549
0.16999999999999998 0.15 2000.27 0.00111757
0.16999999999999998 0.16999999999999998 2000.27 0.00114275
0.16999999999999998 0.18999999999999997 2000.27 0.00116303
0.16999999999999998 0.21 2000.27 0.00117971
0.18999999999999997 0.01 2000.49 0.000722094
0.18999999999999997 0.03 2000.49 0.0008926750000000001
0.18999999999999997 0.049999999999999996 2000.49 0.000911849
0.18999999999999997 0.06999999999999999 2000.49 0.0010815900000000001
0.18999999999999997 0.08999999999999998 2000.49 0.00083063
0.18999999999999997 0.10999999999999997 2000.49 0.000883771
0.18999999999999997 0.12999999999999998 2000.49 0.00092254
0.18999999999999997 0.15 2000.49 0.00095205
0.18999999999999997 0.16999999999999998 2000.49 0.000975254
0.18999999999999997 0.18999999999999997 2000.49 0.000993975
0.18999999999999997 0.21 2000.49 0.00100939
0.21 0.01 2000.66 0.000634157
0.21 0.03 2000.66 0.0008462979999999999
0.21 0.049999999999999996 2000.66 0.0008793039999999999
0.21 0.06999999999999999 2000.66 0.00105565
0.21 0.08999999999999998 2000.66 0.000808227
0.21 0.10999999999999997 2000.66 0.000863716
0.21 0.12999999999999998 2000.66 0.000904341
0.21 0.15 2000.66 0.0009353409999999999
0.21 0.16999999999999998 2000.66 0.000959763
0.21 0.18999999999999997 2000.66 0.000979495
0.21 0.21 2000.66 0.000995766
