0.01 0.01 0.000993591 2061.07
0.01 0.04 0.00016835599999999999 2061.07
0.01 0.06999999999999999 0.000205193 2061.07
0.01 0.09999999999999999 0.00020639600000000002 2061.07
0.01 0.13 0.00021635399999999998 2061.07
0.01 0.16 0 2061.07
0.01 0.19 0.000233235 2061.07
0.01 0.22 0 2061.07
0.04 0.01 901.893 1124.18
0.04 0.04 0.00159033 1989.23
0.04 0.06999999999999999 0.000552354 1989.23
0.04 0.09999999999999999 0.000197995 1989.23
0.04 0.13 0.000339863 1989.23
0.04 0.16 0.000263159 1989.23
0.04 0.19 0.000116474 1989.24
0.04 0.22 0.00017660200000000001 1989.23
0.06999999999999999 0.01 971.568 1059.74
0.06999999999999999 0.04 550.26 1439.67
0.06999999999999999 0.06999999999999999 0.00257574 1987.46
0.06999999999999999 0.09999999999999999 0.00116533 1987.46
0.06999999999999999 0.13 0.000736688 1987.46
0.06999999999999999 0.16 0.0008318129999999999 1987.46
0.06999999999999999 0.19 0.000585745 1987.46
0.06999999999999999 0.22 0.0006590669999999999 1987.46
0.09999999999999999 0.01 995.976 1039.6599999999999
0.09999999999999999 0.04 831.144 1163.0800000000002
0.09999999999999999 0.06999999999999999 388.971 1600.78
0.09999999999999999 0.09999999999999999 0.00440393 1989.09
0.09999999999999999 0.13 0.0017766099999999999 1989.09
0.09999999999999999 0.16 0.00130619 1989.1
0.09999999999999999 0.19 0.0010316 1989.1
0.09999999999999999 0.22 0.0008398059999999999 1989.1
0.13 0.01 1006.48 1032.15
0.13 0.04 911.696 1085.49
0.13 0.06999999999999999 758.311 1234.4
0.13 0.09999999999999999 303.134 1687.8999999999999
0.13 0.13 0.00591459 1990.76
0.13 0.16 0.0029852999999999998 1990.76
0.13 0.19 0.00195569 1990.76
0.13 0.22 0.00157124 1990.76
0.16 0.01 1011.8399999999999 1028.9
0.16 0.04 945.41 1053.86
0.16 0.06999999999999999 865.317 1129.48
0.16 0.09999999999999999 708.385 1284.73
0.16 0.13 239.435 1752.8
0.16 0.16 0.00716861 1992.1000000000001
0.16 0.19 0.00351653 1992.1000000000001
0.16 0.22 0.00250855 1992.1000000000001
0.19 0.01 1014.9599999999999 1027.33
0.19 0.04 962.599 1038.19
0.19 0.06999999999999999 911.827 1084.49
0.19 0.09999999999999999 829.873 1164.76
0.19 0.13 667.097 1326.6599999999999
0.19 0.16 179.74699999999999 1813.47
0.19 0.19 0.00885845 1993.1399999999999
0.19 0.22 0.0040579299999999995 1993.1399999999999
0.22 0.01 1016.9499999999999 1026.5
0.22 0.04 972.5740000000001 1029.37
0.22 0.06999999999999999 936.4549999999999 1061.02
0.22 0.09999999999999999 884.6410000000001 1111.1499999999999
0.22 0.13 799.1790000000001 1195.73
0.22 0.16 628.821 1365.54
0.22 0.19 118.596 1875.3999999999999
0.22 0.22 0.00997489 1993.9599999999998
