0.01 0.0001 1997.37 1.6969699999999999
0.01 0.00030000000000000003 1996.78 2.53461
0.01 0.0005 1995.52 4.03803
0.01 0.0007000000000000001 1992.26 7.54359
0.01 0.0009000000000000001 1974.98 25.064500000000002
0.01 0.0011 2027.78 0
0.01 0.0013000000000000002 2010.5 0
0.01 0.0015 2007.23 0
0.01 0.0017000000000000001 2005.97 0
0.01 0.0019000000000000002 2005.3700000000001 0
0.01 0.0021 2005.0800000000002 0
0.03 0.0001 1997.54 0.00333152
0.03 0.00030000000000000003 1997.54 0.00455104
0.03 0.0005 1997.5299999999997 0.00661227
0.03 0.0007000000000000001 1997.5299999999997 0.0161633
0.03 0.0009000000000000001 1996.75 0.870419
0.03 0.0011 2001.14 0
0.03 0.0013000000000000002 2000.0 0
0.03 0.0015 1999.9700000000003 0
0.03 0.0017000000000000001 2000.09 0
0.03 0.0019000000000000002 2000.2600000000002 0
0.03 0.0021 2000.4499999999998 0
0.049999999999999996 0.0001 1997.54 0.0034719599999999996
0.049999999999999996 0.00030000000000000003 1997.54 0.00365098
0.049999999999999996 0.0005 1997.5299999999997 0.00554855
0.049999999999999996 0.0007000000000000001 1997.5299999999997 0.010231
0.049999999999999996 0.0009000000000000001 1997.4199999999998 0.129481
0.049999999999999996 0.0011 2000.14 0
0.049999999999999996 0.0013000000000000002 1999.6100000000001 0
0.049999999999999996 0.0015 1999.7 0
0.049999999999999996 0.0017000000000000001 1999.87 0
0.049999999999999996 0.0019000000000000002 2000.0700000000002 0
0.049999999999999996 0.0021 2000.28 0
0.06999999999999999 0.0001 1997.54 0.00761099
0.06999999999999999 0.00030000000000000003 1997.5299999999997 0.0163017
0.06999999999999999 0.0005 1997.46 0.162896
0.06999999999999999 0.0007000000000000001 1996.8100000000002 1.03494
0.06999999999999999 0.0009000000000000001 1992.5700000000002 5.51615
0.06999999999999999 0.0011 2006.27 0
0.06999999999999999 0.0013000000000000002 2002.03 0
0.06999999999999999 0.0015 2001.37 0
0.06999999999999999 0.0017000000000000001 2001.2200000000003 0
0.06999999999999999 0.0019000000000000002 2001.25 0
0.06999999999999999 0.0021 2001.35 0
0.08999999999999998 0.0001 1997.52 0.197359
0.08999999999999998 0.00030000000000000003 1997.36 0.587786
0.08999999999999998 0.0005 1996.8799999999999 1.3060399999999999
0.08999999999999998 0.0007000000000000001 1995.4499999999998 2.98608
0.08999999999999998 0.0009000000000000001 1987.2900000000002 11.3856
0.08999999999999998 0.0011 2012.73 0
0.08999999999999998 0.0013000000000000002 2004.57 0
0.08999999999999998 0.0015 2003.1299999999999 0
0.08999999999999998 0.0017000000000000001 2002.6499999999999 0
0.08999999999999998 0.0019000000000000002 2002.49 0
0.08999999999999998 0.0021 2002.4700000000003 0
0.10999999999999997 0.0001 1997.46 0.730595
0.10999999999999997 0.00030000000000000003 1997.15 1.2875900000000002
0.10999999999999997 0.0005 1996.39 2.2898899999999998
0.10999999999999997 0.0007000000000000001 1994.3000000000002 4.62852
0.10999999999999997 0.0009000000000000001 1982.85 16.3155
0.10999999999999997 0.0011 2018.15 0
0.10999999999999997 0.0013000000000000002 2006.71 0
0.10999999999999997 0.0015 2004.6100000000001 0
0.10999999999999997 0.0017000000000000001 2003.85 0
0.10999999999999997 0.0019000000000000002 2003.5300000000002 0
0.10999999999999997 0.0021 2003.41 0
0.12999999999999998 0.0001 1997.4199999999998 1.16849
0.12999999999999998 0.00030000000000000003 1996.98 1.8519299999999999
0.12999999999999998 0.0005 1996.0 3.08101
0.12999999999999998 0.0007000000000000001 1993.37 5.947750000000001
0.12999999999999998 0.0009000000000000001 1979.29 20.2757
0.12999999999999998 0.0011 2022.51 0
0.12999999999999998 0.0013000000000000002 2008.42 0
0.12999999999999998 0.0015 2005.8000000000002 0
0.12999999999999998 0.0017000000000000001 2004.81 0
0.12999999999999998 0.0019000000000000002 2004.3600000000001 0
0.12999999999999998 0.0021 2004.17 0
0.15 0.0001 1997.39 1.51993
0.15 0.00030000000000000003 1996.85 2.30439
0.15 0.0005 1995.68 3.71537
0.15 0.0007000000000000001 1992.63 7.0053600000000005
0.15 0.0009000000000000001 1976.43 23.4501
0.15 0.0011 2026.0 0
0.15 0.0013000000000000002 2009.8 0
0.15 0.0015 2006.75 0
0.15 0.0017000000000000001 2005.58 0
0.15 0.0019000000000000002 2005.0299999999997 0
0.15 0.0021 2004.77 0
0.16999999999999998 0.0001 1997.36 1.8034
0.16999999999999998 0.00030000000000000003 1996.74 2.67019
0.16999999999999998 0.0005 1995.42 4.22818
0.16999999999999998 0.0007000000000000001 1992.03 7.86161
0.16999999999999998 0.0009000000000000001 1974.1200000000001 26.0215
0.16999999999999998 0.0011 2028.8300000000002 0
0.16999999999999998 0.0013000000000000002 2010.91 0
0.16999999999999998 0.0015 2007.52 0
0.16999999999999998 0.0017000000000000001 2006.2 0
0.16999999999999998 0.0019000000000000002 2005.58 0
0.16999999999999998 0.0021 2005.2600000000002 0
0.18999999999999997 0.0001 1997.33 2.03824
0.18999999999999997 0.00030000000000000003 1996.6499999999999 2.97194
0.18999999999999997 0.0005 1995.2099999999998 4.6509
0.18999999999999997 0.0007000000000000001 1991.54 8.56595
0.18999999999999997 0.0009000000000000001 1972.22 28.1343
0.18999999999999997 0.0011 2031.16 0
0.18999999999999997 0.0013000000000000002 2011.83 0
0.18999999999999997 0.0015 2008.15 0
0.18999999999999997 0.0017000000000000001 2006.72 0
0.18999999999999997 0.0019000000000000002 2006.02 0
0.18999999999999997 0.0021 2005.67 0
0.21 0.0001 1997.31 2.2337499999999997
0.21 0.00030000000000000003 1996.5700000000002 3.22288
0.21 0.0005 1995.04 5.00241
0.21 0.0007000000000000001 1991.13 9.15231
0.21 0.0009000000000000001 1970.6299999999999 29.8936
0.21 0.0011 2033.09 0
0.21 0.0013000000000000002 2012.59 0
0.21 0.0015 2008.6799999999998 0
0.21 0.0017000000000000001 2007.1399999999999 0
0.21 0.0019000000000000002 2006.39 0
0.21 0.0021 2006.0 0
