0.01 0.0001 1980.13 0.000445995
0.01 0.00030000000000000003 1980.13 0.000695689
0.01 0.0005 1980.13 0.000639934
0.01 0.0007000000000000001 1980.13 0.00044618399999999997
0.01 0.0009000000000000001 1980.13 0.0006985439999999999
0.01 0.0011 1980.13 0
0.01 0.0013000000000000002 1980.13 0
0.01 0.0015 1980.14 0
0.01 0.0017000000000000001 1980.14 0
0.01 0.0019000000000000002 1980.14 0
0.01 0.0021 1980.14 0
0.03 0.0001 1980.13 0.00130528
0.03 0.00030000000000000003 1980.13 0.0017498899999999998
0.03 0.0005 1980.13 0.00205714
0.03 0.0007000000000000001 1980.13 0.00200033
0.03 0.0009000000000000001 1980.13 0.00256469
0.03 0.0011 1980.14 0
0.03 0.0013000000000000002 1980.14 0
0.03 0.0015 1980.1499999999999 0
0.03 0.0017000000000000001 1981.53 0
0.03 0.0019000000000000002 1985.38 0
0.03 0.0021 1988.55 0
0.049999999999999996 0.0001 1980.13 0.0067307800000000004
0.049999999999999996 0.00030000000000000003 1980.13 0.0137433
0.049999999999999996 0.0005 1979.91 0.442534
0.049999999999999996 0.0007000000000000001 1975.1599999999999 7.10155
0.049999999999999996 0.0009000000000000001 1943.3400000000001 40.863
0.049999999999999996 0.0011 2046.58 0
0.049999999999999996 0.0013000000000000002 2014.75 0
0.049999999999999996 0.0015 2009.9299999999998 0
0.049999999999999996 0.0017000000000000001 2008.9699999999998 0
0.049999999999999996 0.0019000000000000002 2009.28 0
0.049999999999999996 0.0021 2010.18 0
0.06999999999999999 0.0001 1979.72 4.11606
0.06999999999999999 0.00030000000000000003 1977.69 8.10614
0.06999999999999999 0.0005 1972.4700000000003 15.2918
0.06999999999999999 0.0007000000000000001 1957.6599999999999 32.0587
0.06999999999999999 0.0009000000000000001 1875.78 115.88900000000001
0.06999999999999999 0.0011 2129.22 0
0.06999999999999999 0.0013000000000000002 2047.33 0
0.06999999999999999 0.0015 2032.51 0
0.06999999999999999 0.0017000000000000001 2027.26 0
0.06999999999999999 0.0019000000000000002 2025.2 0
0.06999999999999999 0.0021 2024.58 0
0.08999999999999998 0.0001 1979.1599999999999 9.73599
0.08999999999999998 0.00030000000000000003 1975.5099999999998 15.3492
0.08999999999999998 0.0005 1967.38 25.4521
0.08999999999999998 0.0007000000000000001 1945.77 49.0238
0.08999999999999998 0.0009000000000000001 1829.87 166.878
0.08999999999999998 0.0011 2185.38 0
0.08999999999999998 0.0013000000000000002 2069.48 0
0.08999999999999998 0.0015 2047.85 0
0.08999999999999998 0.0017000000000000001 2039.69 0
0.08999999999999998 0.0019000000000000002 2036.01 0
0.08999999999999998 0.0021 2034.3700000000001 0
0.10999999999999997 0.0001 1978.76 13.7058
0.10999999999999997 0.00030000000000000003 1973.9699999999998 20.4643
0.10999999999999997 0.0005 1963.7799999999997 32.6275
0.10999999999999997 0.0007000000000000001 1937.37 61.006099999999996
0.10999999999999997 0.0009000000000000001 1797.44 202.893
0.10999999999999997 0.0011 2225.05 0
0.10999999999999997 0.0013000000000000002 2085.12 0
0.10999999999999997 0.0015 2058.69 0
0.10999999999999997 0.0017000000000000001 2048.4700000000003 0
0.10999999999999997 0.0019000000000000002 2043.65 0
0.10999999999999997 0.0021 2041.2799999999997 0
0.12999999999999998 0.0001 1978.46 16.6265
0.12999999999999998 0.00030000000000000003 1972.84 24.226
0.12999999999999998 0.0005 1961.14 37.9034
0.12999999999999998 0.0007000000000000001 1931.19 69.8148
0.12999999999999998 0.0009000000000000001 1773.6000000000001 229.36599999999999
0.12999999999999998 0.0011 2254.21 0
0.12999999999999998 0.0013000000000000002 2096.61 0
0.12999999999999998 0.0015 2066.65 0
0.12999999999999998 0.0017000000000000001 2054.92 0
0.12999999999999998 0.0019000000000000002 2049.2599999999998 0
0.12999999999999998 0.0021 2046.36 0
0.15 0.0001 1978.2400000000002 18.8496
0.15 0.00030000000000000003 1971.98 27.0893
0.15 0.0005 1959.1200000000001 41.9192
0.15 0.0007000000000000001 1926.49 76.5201
0.15 0.0009000000000000001 1755.46 249.517
0.15 0.0011 2276.41 0
0.15 0.0013000000000000002 2105.36 0
0.15 0.0015 2072.71 0
0.15 0.0017000000000000001 2059.83 0
0.15 0.0019000000000000002 2053.54 0
0.15 0.0021 2050.23 0
0.16999999999999998 0.0001 1978.07 20.592000000000002
0.16999999999999998 0.00030000000000000003 1971.3 29.3335
0.16999999999999998 0.0005 1957.55 45.0667
0.16999999999999998 0.0007000000000000001 1922.81 81.7755
0.16999999999999998 0.0009000000000000001 1741.24 265.312
0.16999999999999998 0.0011 2293.8 0
0.16999999999999998 0.0013000000000000002 2112.2200000000003 0
0.16999999999999998 0.0015 2077.4700000000003 0
0.16999999999999998 0.0017000000000000001 2063.68 0
0.16999999999999998 0.0019000000000000002 2056.89 0
0.16999999999999998 0.0021 2053.2599999999998 0
0.18999999999999997 0.0001 1977.93 21.9916
0.18999999999999997 0.00030000000000000003 1970.76 31.1361
0.18999999999999997 0.0005 1956.2799999999997 47.5948
0.18999999999999997 0.0007000000000000001 1919.8500000000001 85.9961
0.18999999999999997 0.0009000000000000001 1729.81 277.997
0.18999999999999997 0.0011 2307.7799999999997 0
0.18999999999999997 0.0013000000000000002 2117.73 0
0.18999999999999997 0.0015 2081.2799999999997 0
0.18999999999999997 0.0017000000000000001 2066.77 0
0.18999999999999997 0.0019000000000000002 2059.58 0
0.18999999999999997 0.0021 2055.7 0
0.21 0.0001 1977.81 23.138399999999997
0.21 0.00030000000000000003 1970.3200000000002 32.6132
0.21 0.0005 1955.24 49.6665
0.21 0.0007000000000000001 1917.4199999999998 89.4554
0.21 0.0009000000000000001 1720.4499999999998 288.39300000000003
0.21 0.0011 2319.23 0
0.21 0.0013000000000000002 2122.25 0
0.21 0.0015 2084.41 0
0.21 0.0017000000000000001 2069.31 0
0.21 0.0019000000000000002 2061.7799999999997 0
0.21 0.0021 2057.69 0
