0.01 0.0001 1982.31 0.000661785
0.01 0.00030000000000000003 1982.31 0.0008580320000000001
0.01 0.0005 1982.31 0.000871199
0.01 0.0007000000000000001 1982.31 0.000882829
0.01 0.0009000000000000001 1982.31 0.001066
0.01 0.0011 1982.31 0
0.01 0.0013000000000000002 1982.31 0
0.01 0.0015 1982.32 0
0.01 0.0017000000000000001 1982.32 0
0.01 0.0019000000000000002 1982.32 0
0.01 0.0021 1982.32 0
0.03 0.0001 1982.31 0.00170762
0.03 0.00030000000000000003 1982.31 0.0017910499999999998
0.03 0.0005 1982.31 0.00191401
0.03 0.0007000000000000001 1982.31 0.00246608
0.03 0.0009000000000000001 1982.31 0.00301321
0.03 0.0011 1982.32 0
0.03 0.0013000000000000002 1982.32 0
0.03 0.0015 1982.37 0
0.03 0.0017000000000000001 1985.4499999999998 0
0.03 0.0019000000000000002 1988.65 0
0.03 0.0021 1991.31 0
0.049999999999999996 0.0001 1982.31 0.006756610000000001
0.049999999999999996 0.00030000000000000003 1982.31 0.0110593
0.049999999999999996 0.0005 1982.27 0.09309319999999999
0.049999999999999996 0.0007000000000000001 1978.64 5.23743
0.049999999999999996 0.0009000000000000001 1952.5 33.1135
0.049999999999999996 0.0011 2037.8700000000001 0
0.049999999999999996 0.0013000000000000002 2011.72 0
0.049999999999999996 0.0015 2007.8600000000001 0
0.049999999999999996 0.0017000000000000001 2007.19 0
0.049999999999999996 0.0019000000000000002 2007.5700000000002 0
0.049999999999999996 0.0021 2008.4299999999998 0
0.06999999999999999 0.0001 1982.0 3.0776199999999996
0.06999999999999999 0.00030000000000000003 1980.3700000000001 6.46046
0.06999999999999999 0.0005 1976.02 12.553
0.06999999999999999 0.0007000000000000001 1963.55 26.7679
0.06999999999999999 0.0009000000000000001 1894.22 97.8355
0.06999999999999999 0.0011 2109.15 0
0.06999999999999999 0.0013000000000000002 2039.82 0
0.06999999999999999 0.0015 2027.33 0
0.06999999999999999 0.0017000000000000001 2022.96 0
0.06999999999999999 0.0019000000000000002 2021.29 0
0.06999999999999999 0.0021 2020.8500000000001 0
0.08999999999999998 0.0001 1981.8700000000001 4.38255
0.08999999999999998 0.00030000000000000003 1979.86 8.144
0.08999999999999998 0.0005 1974.8400000000001 14.916400000000001
0.08999999999999998 0.0007000000000000001 1960.78 30.7171
0.08999999999999998 0.0009000000000000001 1883.5300000000002 109.713
0.08999999999999998 0.0011 2122.25 0
0.08999999999999998 0.0013000000000000002 2044.98 0
0.08999999999999998 0.0015 2030.91 0
0.08999999999999998 0.0017000000000000001 2025.8600000000001 0
0.08999999999999998 0.0019000000000000002 2023.8200000000002 0
0.08999999999999998 0.0021 2023.1399999999999 0
0.10999999999999997 0.0001 1982.31 0.00100117
0.10999999999999997 0.00030000000000000003 1982.31 0.00113704
0.10999999999999997 0.0005 1982.31 0.0009808030000000001
0.10999999999999997 0.0007000000000000001 1982.31 0.00114151
0.10999999999999997 0.0009000000000000001 1982.31 0.000890382
0.10999999999999997 0.0011 1982.31 0
0.10999999999999997 0.0013000000000000002 1982.31 0
0.10999999999999997 0.0015 1982.31 0
0.10999999999999997 0.0017000000000000001 1982.32 0
0.10999999999999997 0.0019000000000000002 1982.32 0
0.10999999999999997 0.0021 1982.32 0
0.12999999999999998 0.0001 1982.31 0.000366714
0.12999999999999998 0.00030000000000000003 1982.31 0.00021676300000000003
0.12999999999999998 0.0005 1982.31 0.000140779
0.12999999999999998 0.0007000000000000001 1982.31 0.00010950700000000001
0.12999999999999998 0.0009000000000000001 1982.31 0.00014731599999999998
0.12999999999999998 0.0011 1982.31 0
0.12999999999999998 0.0013000000000000002 1982.31 0
0.12999999999999998 0.0015 1982.31 0
0.12999999999999998 0.0017000000000000001 1982.31 0
0.12999999999999998 0.0019000000000000002 1982.31 0
0.12999999999999998 0.0021 1982.31 0
0.15 0.0001 1982.31 0.00017081599999999999
0.15 0.00030000000000000003 1982.31 8.75662e-05
0.15 0.0005 1982.31 0.000188051
0.15 0.0007000000000000001 1982.31 0.000134314
0.15 0.0009000000000000001 1982.31 0.00017736200000000003
0.15 0.0011 1982.31 0
0.15 0.0013000000000000002 1982.31 0
0.15 0.0015 1982.31 0
0.15 0.0017000000000000001 1982.31 0
0.15 0.0019000000000000002 1982.31 0
0.15 0.0021 1982.31 0
0.16999999999999998 0.0001 0 4.7857099999999997e-26
0.16999999999999998 0.00030000000000000003 0 1.81026e-31
0.16999999999999998 0.0005 0 0
0.16999999999999998 0.0007000000000000001 9.57257e-06 0
0.16999999999999998 0.0009000000000000001 0 0
0.16999999999999998 0.0011 2.5050000000000002e-05 1.8976499999999998e-27
0.16999999999999998 0.0013000000000000002 7.136870000000001e-07 0
0.16999999999999998 0.0015 0 0
0.16999999999999998 0.0017000000000000001 9.56074e-09 2.92466e-30
0.16999999999999998 0.0019000000000000002 1.1844900000000001e-09 6.0197e-29
0.16999999999999998 0.0021 0 1.23738e-28
0.18999999999999997 0.0001 5.70917e-09 0
0.18999999999999997 0.00030000000000000003 6.95697e-05 6.25393e-24
0.18999999999999997 0.0005 0.000543244 0
0.18999999999999997 0.0007000000000000001 0 2.59677e-23
0.18999999999999997 0.0009000000000000001 0 0
0.18999999999999997 0.0011 1.52908e-09 1.13151e-35
0.18999999999999997 0.0013000000000000002 0.00012044700000000001 0
0.18999999999999997 0.0015 9.794000000000001e-06 2.5493299999999998e-23
0.18999999999999997 0.0017000000000000001 8.939850000000001e-05 5.1890600000000005e-22
0.18999999999999997 0.0019000000000000002 2.54273e-05 2.57695e-22
0.18999999999999997 0.0021 4.97607e-05 1.21552e-22
0.21 0.0001 0 0
0.21 0.00030000000000000003 0.0007958870000000001 0
0.21 0.0005 0 0
0.21 0.0007000000000000001 4.4176600000000004e-08 0
0.21 0.0009000000000000001 0 6.97605e-11
0.21 0.0011 0.00015401899999999998 0
0.21 0.0013000000000000002 0.0030147200000000002 0
0.21 0.0015 1.0526300000000001e-07 0
0.21 0.0017000000000000001 0.14577700000000002 0
0.21 0.0019000000000000002 0.000103721 2.60521e-21
0.21 0.0021 2.83808e-06 2.69192e-24
